N: 10, Bias: [-0.24723184  0.45186716  0.1758198 ], Squared Error: [0.31414257 0.61432252 0.08931186]
N: 40, Bias: [-0.2374124   0.46864546  0.17931494], Squared Error: [0.23001823 0.56589266 0.08509898]
N: 4000, Bias: [-0.23335712  0.45633945  0.17860323], Squared Error: [0.19178158 0.54992463 0.08206945]
